  
Analyzing Butcher tables themselves:
  
          Method          q   p   Bs   As   Ls
-----------------------------------------------
         Heun-Euler-ERK   2   1   0    0    0
   Bogacki-Shampine-ERK   3   2   0    0    0
     ARK3(2)4L[2]SA-ERK   3   2   0    0    0
      Zonneveld-4-3-ERK   4   3   0    0    0
     ARK4(3)6L[2]SA-ERK   3   3   0    0    0
   Sayfy-Aburub-4-3-ERK   4   4   0    0    0
          Cash-Karp-ERK   3   3   0    0    0
           Fehlberg-ERK   4   3   0    0    0
     Dormand-Prince-ERK   4   3   0    0    0
     ARK5(4)8L[2]SA-ERK   4   3   0    0    0
         Verner-6-5-ERK   4   4   0    0    0
       Fehlberg-8-7-ERK   4   4   0    0    0
              SDIRK-2-1   2   1   1    1    0
       Billington-SDIRK   3   2   0    0    0
          TRBDF2-ESDIRK   3   2   0    0    0
  Kvaerno(4,2,3)-ESDIRK   3   2   0    1    1
  ARK3(2)4L[2]SA-ESDIRK   3   2   0    1    1
      Cash(5,2,4)-SDIRK   3   2   0    1    1
      Cash(5,3,4)-SDIRK   3   3   0    1    1
              SDIRK-5-4   3   3   0    1    1
  Kvaerno(5,3,4)-ESDIRK   4   3   0    1    0
  ARK4(3)6L[2]SA-ESDIRK   4   3   0    1    1
  Kvaerno(7,4,5)-ESDIRK   4   4   0    1    1
  ARK5(4)8L[2]SA-ESDIRK   4   4   0    1    1
-----------------------------------------------

  
Estimating the numerical accuracy of the methods,
  first is the main method, second the embedding:
  

  Results for Heun-Euler-ERK:
      h           errI        err2        rate    cum. rate
  -----------------------------------------------------------
    1.00e-01    8.10e-02    8.30e-02
    5.99e-02    2.83e-02    2.91e-02    2.05035    2.05035
    3.59e-02    1.00e-02    1.03e-02    2.02884    2.0396
    2.15e-02    3.56e-03    3.68e-03    2.01879    2.03228
    1.29e-02    1.27e-03    1.31e-03    2.01261    2.02688
    7.74e-03    4.55e-04    4.71e-04    2.00773    2.0226
    4.64e-03    1.63e-04    1.69e-04    2.00447    2.01913
    2.78e-03    5.85e-05    6.06e-05    2.00268    2.01632
    1.67e-03    2.10e-05    2.18e-05    2.00167    2.01403
    1.00e-03    7.54e-06    7.82e-06    2.00096    2.01215
  -----------------------------------------------------------
  Measured order of accuracy = 2.01189

  Results for Heun-Euler-ERK:
      h           errI        err2        rate    cum. rate
  -----------------------------------------------------------
    1.00e-01    1.64e+00    2.17e+00
    5.99e-02    7.81e-01    1.02e+00    1.45876    1.45876
    3.59e-02    4.14e-01    5.43e-01    1.24202    1.35039
    2.15e-02    2.31e-01    3.04e-01    1.13485    1.27489
    1.29e-02    1.33e-01    1.75e-01    1.07848    1.22051
    7.74e-03    7.80e-02    1.02e-01    1.046    1.18004
    4.64e-03    4.61e-02    6.05e-02    1.02716    1.14921
    2.78e-03    2.74e-02    3.60e-02    1.01611    1.12527
    1.67e-03    1.64e-02    2.15e-02    1.00967    1.10639
    1.00e-03    9.78e-03    1.28e-02    1.00576    1.09129
  -----------------------------------------------------------
  Measured order of accuracy = 1.08326

  Results for Bogacki-Shampine-ERK:
      h           errI        err2        rate    cum. rate
  -----------------------------------------------------------
    1.00e-01    1.98e-03    2.25e-03
    5.99e-02    4.51e-04    5.04e-04    2.90647    2.90647
    3.59e-02    1.01e-04    1.11e-04    2.94174    2.92411
    2.15e-02    2.21e-05    2.44e-05    2.96576    2.93837
    1.29e-02    4.81e-06    5.28e-06    2.98464    2.95047
    7.74e-03    1.04e-06    1.14e-06    2.98866    2.95939
    4.64e-03    2.26e-07    2.47e-07    2.99179    2.96604
    2.78e-03    4.86e-08    5.33e-08    2.99995    2.97164
    1.67e-03    1.05e-08    1.15e-08    2.99771    2.97599
    1.00e-03    2.26e-09    2.48e-09    2.99742    2.97937
  -----------------------------------------------------------
  Measured order of accuracy = 2.98045

  Results for Bogacki-Shampine-ERK:
      h           errI        err2        rate    cum. rate
  -----------------------------------------------------------
    1.00e-01    8.76e-03    8.80e-03
    5.99e-02    2.86e-03    2.90e-03    2.17911    2.17911
    3.59e-02    9.65e-04    9.84e-04    2.11635    2.14773
    2.15e-02    3.32e-04    3.41e-04    2.07548    2.12292
    1.29e-02    1.16e-04    1.20e-04    2.0486    2.10309
    7.74e-03    4.11e-05    4.25e-05    2.02996    2.08698
    4.64e-03    1.46e-05    1.52e-05    2.01779    2.07381
    2.78e-03    5.22e-06    5.42e-06    2.01083    2.06308
    1.67e-03    1.87e-06    1.94e-06    2.00654    2.0543
    1.00e-03    6.71e-07    6.97e-07    2.00387    2.04708
  -----------------------------------------------------------
  Measured order of accuracy = 2.04712

  Results for ARK3(2)4L[2]SA-ERK:
      h           errI        err2        rate    cum. rate
  -----------------------------------------------------------
    1.00e-01    6.45e-04    7.25e-04
    5.99e-02    1.44e-04    1.60e-04    2.93869    2.93869
    3.59e-02    3.19e-05    3.52e-05    2.95414    2.94641
    2.15e-02    6.99e-06    7.67e-06    2.97313    2.9552
    1.29e-02    1.50e-06    1.65e-06    3.00702    2.96732
    7.74e-03    3.29e-07    3.59e-07    2.97037    2.97122
    4.64e-03    7.10e-08    7.75e-08    2.99629    2.9753
    2.78e-03    1.53e-08    1.67e-08    3.00013    2.97907
    1.67e-03    3.30e-09    3.60e-09    2.99789    2.98208
    1.00e-03    7.06e-10    7.72e-10    3.01209    2.98525
  -----------------------------------------------------------
  Measured order of accuracy = 2.9848

  Results for ARK3(2)4L[2]SA-ERK:
      h           errI        err2        rate    cum. rate
  -----------------------------------------------------------
    1.00e-01    6.54e-03    6.79e-03
    5.99e-02    2.35e-03    2.44e-03    2.00163    2.00163
    3.59e-02    8.46e-04    8.78e-04    1.99632    1.99898
    2.15e-02    3.05e-04    3.16e-04    1.99758    1.99829
    1.29e-02    1.10e-04    1.14e-04    1.99888    1.99827
    7.74e-03    3.94e-05    4.08e-05    1.9997    1.99847
    4.64e-03    1.42e-05    1.47e-05    1.99937    1.99864
    2.78e-03    5.09e-06    5.28e-06    1.99959    1.99879
    1.67e-03    1.83e-06    1.90e-06    1.99981    1.99892
    1.00e-03    6.57e-07    6.82e-07    1.99982    1.99904
  -----------------------------------------------------------
  Measured order of accuracy = 1.99871

  Results for Zonneveld-4-3-ERK:
      h           errI        err2        rate    cum. rate
  -----------------------------------------------------------
    1.00e-01    9.59e-05    9.81e-05
    5.99e-02    1.22e-05    1.26e-05    4.02203    4.02203
    3.59e-02    1.61e-06    1.66e-06    3.9545    3.98827
    2.15e-02    2.06e-07    2.13e-07    4.01845    3.99395
    1.29e-02    1.97e-08    2.09e-08    4.56548    4.10939
    7.74e-03    4.26e-09    4.43e-09    3.00959    3.98526
    4.64e-03    3.90e-10    4.05e-10    4.67355    4.01467
    2.78e-03    6.52e-11    6.75e-11    3.49853    3.98392
    1.67e-03    1.01e-11    1.04e-11    3.64748    3.94713
    1.00e-03    8.62e-13    1.08e-12    4.62411    3.96533
  -----------------------------------------------------------
  Measured order of accuracy = 3.97391

  Results for Zonneveld-4-3-ERK:
      h           errI        err2        rate    cum. rate
  -----------------------------------------------------------
    1.00e-01    2.15e-03    2.41e-03
    5.99e-02    4.78e-04    5.30e-04    2.9479    2.9479
    3.59e-02    1.06e-04    1.17e-04    2.94985    2.94888
    2.15e-02    2.37e-05    2.58e-05    2.94092    2.94659
    1.29e-02    5.16e-06    5.61e-06    2.97994    2.9528
    7.74e-03    1.10e-06    1.19e-06    3.0265    2.9651
    4.64e-03    2.43e-07    2.63e-07    2.95236    2.96813
    2.78e-03    5.08e-08    5.53e-08    3.04859    2.9761
    1.67e-03    1.10e-08    1.19e-08    2.99957    2.98138
    1.00e-03    2.41e-09    2.61e-09    2.96619    2.98324
  -----------------------------------------------------------
  Measured order of accuracy = 2.98216

  Results for ARK4(3)6L[2]SA-ERK:
      h           errI        err2        rate    cum. rate
  -----------------------------------------------------------
    1.00e-01    1.48e-05    1.52e-05
    5.99e-02    1.97e-06    2.02e-06    3.94105    3.94105
    3.59e-02    2.95e-07    3.06e-07    3.69813    3.81959
    2.15e-02    4.28e-08    4.49e-08    3.76218    3.79022
    1.29e-02    4.46e-09    5.88e-09    4.19543    3.86539
    7.74e-03    1.37e-09    1.52e-09    2.47657    3.68846
    4.64e-03    1.77e-10    1.96e-10    4.00115    3.65878
    2.78e-03    1.86e-11    2.00e-11    4.42902    3.7106
    1.67e-03    4.08e-12    4.22e-12    3.00625    3.68782
    1.00e-03    2.56e-12    3.04e-12    0.774519    3.51732
  -----------------------------------------------------------
  Measured order of accuracy = 3.68679

  Results for ARK4(3)6L[2]SA-ERK:
      h           errI        err2        rate    cum. rate
  -----------------------------------------------------------
    1.00e-01    1.96e-05    2.00e-05
    5.99e-02    3.48e-06    3.61e-06    3.36238    3.36238
    3.59e-02    6.75e-07    7.12e-07    3.18747    3.27492
    2.15e-02    1.30e-07    1.40e-07    3.19676    3.24273
    1.29e-02    1.57e-08    2.12e-08    3.90848    3.36944
    7.74e-03    5.84e-09    6.34e-09    2.14823    3.23118
    4.64e-03    1.13e-09    1.26e-09    3.18403    3.17675
    2.78e-03    2.33e-10    2.62e-10    3.07805    3.14585
    1.67e-03    5.07e-11    5.66e-11    2.98802    3.12091
    1.00e-03    7.23e-12    9.70e-12    3.62625    3.13577
  -----------------------------------------------------------
  Measured order of accuracy = 3.1086

  Results for Sayfy-Aburub-4-3-ERK:
      h           errI        err2        rate    cum. rate
  -----------------------------------------------------------
    1.00e-01    1.33e-04    1.35e-04
    5.99e-02    1.52e-05    1.56e-05    4.22841    4.22841
    3.59e-02    1.79e-06    1.84e-06    4.18432    4.20637
    2.15e-02    2.21e-07    2.28e-07    4.08384    4.16741
    1.29e-02    3.44e-08    3.55e-08    3.63009    4.05215
    7.74e-03    2.65e-09    2.88e-09    4.96133    4.1491
    4.64e-03    4.97e-10    5.14e-10    3.31943    4.09483
    2.78e-03    4.88e-11    5.16e-11    4.51336    4.1071
    1.67e-03    4.64e-12    4.87e-12    4.60601    4.14609
    1.00e-03    2.57e-12    2.76e-12    1.13458    4.00167
  -----------------------------------------------------------
  Measured order of accuracy = 4.09493

  Results for Sayfy-Aburub-4-3-ERK:
      h           errI        err2        rate    cum. rate
  -----------------------------------------------------------
    1.00e-01    1.93e-03    2.20e-03
    5.99e-02    4.45e-04    4.98e-04    2.8862    2.8862
    3.59e-02    9.95e-05    1.10e-04    2.93597    2.91109
    2.15e-02    2.19e-05    2.41e-05    2.96631    2.93014
    1.29e-02    4.76e-06    5.23e-06    2.98404    2.94473
    7.74e-03    1.03e-06    1.13e-06    2.98552    2.95473
    4.64e-03    2.23e-07    2.45e-07    2.99518    2.96263
    2.78e-03    4.82e-08    5.28e-08    2.99544    2.96866
    1.67e-03    1.04e-08    1.14e-08    2.99755    2.9734
    1.00e-03    2.24e-09    2.46e-09    3.00011    2.97727
  -----------------------------------------------------------
  Measured order of accuracy = 2.97925

  Results for Cash-Karp-ERK:
      h           errI        err2        rate    cum. rate
  -----------------------------------------------------------
    1.00e-01    2.25e-07    3.45e-07
    5.99e-02    9.71e-08    1.22e-07    1.83552    1.83552
    3.59e-02    1.74e-08    2.11e-08    3.39991    2.61772
    2.15e-02    6.17e-09    7.37e-09    2.03859    2.5222
    1.29e-02    3.79e-10    4.65e-10    5.42737    3.08413
    7.74e-03    1.63e-10    1.94e-10    1.67757    3.04375
    4.64e-03    4.43e-11    5.28e-11    2.54531    2.97592
    2.78e-03    6.98e-12    7.95e-12    3.65418    3.00418
    1.67e-03    3.17e-12    3.29e-12    1.63659    2.92619
    1.00e-03    8.93e-13    1.11e-12    2.29764    2.85221
  -----------------------------------------------------------
  Measured order of accuracy = 3.09684

  Results for Cash-Karp-ERK:
      h           errI        err2        rate    cum. rate
  -----------------------------------------------------------
    1.00e-01    2.17e-06    2.21e-06
    5.99e-02    1.84e-07    2.07e-07    4.72328    4.72328
    3.59e-02    1.61e-08    2.16e-08    4.59082    4.65705
    2.15e-02    8.94e-09    9.49e-09    1.37799    3.66671
    1.29e-02    7.41e-10    7.64e-10    4.89544    3.71439
    7.74e-03    1.43e-10    2.01e-10    2.90736    3.61272
    4.64e-03    4.08e-11    4.58e-11    2.67596    3.47604
    2.78e-03    6.08e-12    7.25e-12    3.66085    3.43449
    1.67e-03    3.05e-12    3.17e-12    1.48264    3.28498
    1.00e-03    6.36e-13    8.05e-13    2.87135    3.1863
  -----------------------------------------------------------
  Measured order of accuracy = 3.28005

  Results for Fehlberg-ERK:
      h           errI        err2        rate    cum. rate
  -----------------------------------------------------------
    1.00e-01    1.52e-05    1.54e-05
    5.99e-02    1.71e-06    1.74e-06    4.26563    4.26563
    3.59e-02    1.90e-07    1.97e-07    4.28041    4.27302
    2.15e-02    4.55e-08    4.76e-08    2.78168    3.82635
    1.29e-02    2.61e-09    2.81e-09    5.55768    4.08329
    7.74e-03    2.67e-10    2.73e-10    4.50496    4.21694
    4.64e-03    2.34e-10    2.63e-10    0.163065    3.83032
    2.78e-03    4.61e-12    4.70e-12    7.77478    3.99794
    1.67e-03    2.20e-12    2.29e-12    1.42382    3.90455
    1.00e-03    1.35e-12    1.70e-12    0.768929    3.68598
  -----------------------------------------------------------
  Measured order of accuracy = 3.97376

  Results for Fehlberg-ERK:
      h           errI        err2        rate    cum. rate
  -----------------------------------------------------------
    1.00e-01    6.23e-07    8.85e-07
    5.99e-02    1.14e-07    1.63e-07    3.31431    3.31431
    3.59e-02    3.47e-08    4.54e-08    2.40865    2.86148
    2.15e-02    1.61e-08    1.90e-08    1.6001    2.43778
    1.29e-02    5.82e-10    7.30e-10    6.43016    3.15152
    7.74e-03    4.28e-10    5.14e-10    0.642671    2.99704
    4.64e-03    1.68e-10    2.01e-10    1.82846    2.81666
    2.78e-03    8.46e-12    9.73e-12    5.88368    2.99709
    1.67e-03    3.17e-12    3.28e-12    2.02097    3.01621
    1.00e-03    1.29e-12    1.59e-12    1.58453    2.94786
  -----------------------------------------------------------
  Measured order of accuracy = 3.01631

  Results for Dormand-Prince-ERK:
      h           errI        err2        rate    cum. rate
  -----------------------------------------------------------
    1.00e-01    5.46e-07    5.67e-07
    5.99e-02    1.08e-07    1.20e-07    3.09581    3.09581
    3.59e-02    1.18e-08    1.34e-08    4.31106    3.70343
    2.15e-02    7.06e-09    8.49e-09    0.948395    2.93768
    1.29e-02    1.86e-09    2.22e-09    2.6111    2.71922
    7.74e-03    7.52e-11    8.92e-11    6.27837    3.16525
    4.64e-03    3.31e-11    3.93e-11    1.60434    3.15731
    2.78e-03    6.51e-12    7.38e-12    3.22166    3.15936
    1.67e-03    3.17e-12    3.29e-12    1.49117    3.0491
    1.00e-03    8.63e-13    1.07e-12    2.36849    2.95585
  -----------------------------------------------------------
  Measured order of accuracy = 3.16781

  Results for Dormand-Prince-ERK:
      h           errI        err2        rate    cum. rate
  -----------------------------------------------------------
    1.00e-01    8.81e-06    8.98e-06
    5.99e-02    1.02e-06    1.05e-06    4.20782    4.20782
    3.59e-02    1.28e-07    1.33e-07    4.04263    4.12522
    2.15e-02    2.52e-08    2.62e-08    3.17836    3.8329
    1.29e-02    1.33e-09    1.35e-09    5.7742    4.1627
    7.74e-03    2.23e-10    2.36e-10    3.44659    4.15462
    4.64e-03    7.51e-11    8.03e-11    2.11676    3.9334
    2.78e-03    3.27e-12    3.77e-12    6.04972    4.01758
    1.67e-03    2.58e-12    2.69e-12    0.560504    3.82639
    1.00e-03    8.89e-13    1.13e-12    1.89152    3.62352
  -----------------------------------------------------------
  Measured order of accuracy = 4.00276

  Results for ARK5(4)8L[2]SA-ERK:
      h           errI        err2        rate    cum. rate
  -----------------------------------------------------------
    1.00e-01    1.54e-06    2.12e-06
    5.99e-02    5.89e-07    7.27e-07    1.9836    1.9836
    3.59e-02    9.74e-08    1.18e-07    3.53577    2.75968
    2.15e-02    3.22e-08    3.85e-08    2.17409    2.66161
    1.29e-02    2.92e-09    3.52e-09    4.68451    3.04658
    7.74e-03    8.88e-10    1.06e-09    2.33234    3.05454
    4.64e-03    3.19e-10    3.82e-10    2.0005    2.94445
    2.78e-03    7.25e-12    9.19e-12    7.34009    3.26488
    1.67e-03    3.15e-12    3.26e-12    1.82763    3.3186
    1.00e-03    1.05e-12    1.22e-12    2.0292    3.27561
  -----------------------------------------------------------
  Measured order of accuracy = 3.41434

  Results for ARK5(4)8L[2]SA-ERK:
      h           errI        err2        rate    cum. rate
  -----------------------------------------------------------
    1.00e-01    1.53e-05    1.56e-05
    5.99e-02    2.29e-06    2.37e-06    3.69161    3.69161
    3.59e-02    3.12e-07    3.25e-07    3.89162    3.79162
    2.15e-02    2.18e-08    2.29e-08    5.19362    4.22222
    1.29e-02    6.48e-09    6.91e-09    2.35342    3.93458
    7.74e-03    1.34e-09    1.48e-09    3.04595    3.72545
    4.64e-03    2.73e-10    3.48e-10    2.96905    3.56972
    2.78e-03    1.48e-11    1.61e-11    5.847    3.6946
    1.67e-03    2.18e-12    2.27e-12    3.7887    3.75915
    1.00e-03    1.28e-12    1.46e-12    0.957122    3.63918
  -----------------------------------------------------------
  Measured order of accuracy = 3.65805

  Results for Verner-6-5-ERK:
      h           errI        err2        rate    cum. rate
  -----------------------------------------------------------
    1.00e-01    1.11e-07    1.17e-07
    5.99e-02    3.44e-08    4.18e-08    2.14865    2.14865
    3.59e-02    3.04e-09    3.69e-09    4.74308    3.44587
    2.15e-02    1.53e-09    1.81e-09    1.37144    2.95326
    1.29e-02    5.73e-11    6.75e-11    6.4212    3.54833
    7.74e-03    5.98e-11    7.21e-11    -0.106169    3.19627
    4.64e-03    1.87e-11    2.28e-11    2.25834    2.97005
    2.78e-03    5.36e-12    6.02e-12    2.52483    2.83869
    1.67e-03    3.16e-12    3.28e-12    1.10775    2.66199
    1.00e-03    4.15e-13    5.35e-13    3.75529    2.63167
  -----------------------------------------------------------
  Measured order of accuracy = 2.7801

  Results for Verner-6-5-ERK:
      h           errI        err2        rate    cum. rate
  -----------------------------------------------------------
    1.00e-01    2.77e-07    3.42e-07
    5.99e-02    6.71e-08    7.29e-08    2.89709    2.89709
    3.59e-02    2.05e-09    2.50e-09    6.70296    4.80002
    2.15e-02    1.70e-09    2.10e-09    0.352056    3.65593
    1.29e-02    1.19e-10    1.36e-10    5.27307    3.75054
    7.74e-03    5.40e-11    6.58e-11    1.48261    3.45358
    4.64e-03    1.54e-11    1.87e-11    2.4581    3.24086
    2.78e-03    5.78e-12    6.51e-12    1.9872    3.04776
    1.67e-03    3.17e-12    3.29e-12    1.25367    2.83804
    1.00e-03    4.38e-13    5.63e-13    3.6597    2.77609
  -----------------------------------------------------------
  Measured order of accuracy = 2.88055

  Results for Fehlberg-8-7-ERK:
      h           errI        err2        rate    cum. rate
  -----------------------------------------------------------
    1.00e-01    1.67e-07    1.99e-07
    5.99e-02    4.21e-08    5.04e-08    2.69329    2.69329
    3.59e-02    7.44e-09    8.89e-09    3.38825    3.04077
    2.15e-02    2.27e-09    2.72e-09    2.31675    2.85831
    1.29e-02    2.13e-10    2.55e-10    4.62485    3.17513
    7.74e-03    6.57e-11    7.88e-11    2.2972    3.14023
    4.64e-03    5.46e-12    6.28e-12    4.90231    3.31656
    2.78e-03    3.37e-12    3.66e-12    0.999252    3.19692
    1.67e-03    3.17e-12    3.29e-12    0.163649    2.93887
    1.00e-03    6.94e-13    8.70e-13    2.78333    2.79902
  -----------------------------------------------------------
  Measured order of accuracy = 3.2425

  Results for Fehlberg-8-7-ERK:
      h           errI        err2        rate    cum. rate
  -----------------------------------------------------------
    1.00e-01    1.67e-07    1.99e-07
    5.99e-02    4.21e-08    5.03e-08    2.69231    2.69231
    3.59e-02    7.44e-09    8.89e-09    3.38807    3.04019
    2.15e-02    2.27e-09    2.72e-09    2.31668    2.85793
    1.29e-02    2.13e-10    2.55e-10    4.62492    3.17487
    7.74e-03    6.57e-11    7.88e-11    2.29698    3.14002
    4.64e-03    5.45e-12    6.28e-12    4.90437    3.3166
    2.78e-03    3.37e-12    3.67e-12    0.993368    3.19658
    1.67e-03    3.16e-12    3.28e-12    0.172496    2.93896
    1.00e-03    6.90e-13    8.67e-13    2.78853    2.79961
  -----------------------------------------------------------
  Measured order of accuracy = 3.24218

  Results for SDIRK-2-1:
      h           errI        err2        rate    cum. rate
  -----------------------------------------------------------
    1.00e-01    4.87e-02    5.61e-02
    5.99e-02    2.18e-02    2.37e-02    1.62873    1.62873
    3.59e-02    8.67e-03    9.20e-03    1.825    1.72687
    2.15e-02    3.28e-03    3.44e-03    1.91063    1.79181
    1.29e-02    1.21e-03    1.26e-03    1.95219    1.83687
    7.74e-03    4.42e-04    4.60e-04    1.97294    1.86919
    4.64e-03    1.60e-04    1.67e-04    1.9841    1.89304
    2.78e-03    5.79e-05    6.01e-05    1.99064    1.91111
    1.67e-03    2.09e-05    2.17e-05    1.99451    1.9251
    1.00e-03    7.52e-06    7.80e-06    1.99668    1.93613
  -----------------------------------------------------------
  Measured order of accuracy = 1.9454

  Results for SDIRK-2-1:
      h           errI        err2        rate    cum. rate
  -----------------------------------------------------------
    1.00e-01    6.54e-01    8.54e-01
    5.99e-02    4.56e-01    5.96e-01    0.704958    0.704958
    3.59e-02    3.00e-01    3.94e-01    0.812435    0.758696
    2.15e-02    1.91e-01    2.51e-01    0.882803    0.801302
    1.29e-02    1.19e-01    1.56e-01    0.928296    0.835222
    7.74e-03    7.28e-02    9.56e-02    0.956225    0.8622
    4.64e-03    4.43e-02    5.81e-02    0.97339    0.883748
    2.78e-03    2.68e-02    3.51e-02    0.983888    0.901071
    1.67e-03    1.61e-02    2.12e-02    0.990352    0.915107
    1.00e-03    9.69e-03    1.27e-02    0.99418    0.926566
  -----------------------------------------------------------
  Measured order of accuracy = 0.927752

  Results for Billington-SDIRK:
      h           errI        err2        rate    cum. rate
  -----------------------------------------------------------
    1.00e-01    5.10e-05    5.87e-05
    5.99e-02    1.03e-05    1.21e-05    3.10592    3.10592
    3.59e-02    2.15e-06    2.54e-06    3.0555    3.08071
    2.15e-02    4.84e-07    5.62e-07    2.93301    3.03388
    1.29e-02    8.87e-08    1.10e-07    3.24812    3.06736
    7.74e-03    2.04e-08    2.46e-08    2.90633    3.05392
    4.64e-03    4.60e-09    5.43e-09    2.92656    3.03548
    2.78e-03    7.85e-10    1.04e-09    3.34208    3.05334
    1.67e-03    1.55e-10    2.08e-10    3.16326    3.06901
    1.00e-03    3.82e-11    3.99e-11    2.97939    3.07209
  -----------------------------------------------------------
  Measured order of accuracy = 3.05062

  Results for Billington-SDIRK:
      h           errI        err2        rate    cum. rate
  -----------------------------------------------------------
    1.00e-01    1.50e-02    1.55e-02
    5.99e-02    5.35e-03    5.54e-03    2.01487    2.01487
    3.59e-02    1.92e-03    1.99e-03    2.00368    2.00928
    2.15e-02    6.88e-04    7.14e-04    2.00221    2.0066
    1.29e-02    2.47e-04    2.56e-04    2.0019    2.00512
    7.74e-03    8.88e-05    9.21e-05    2.00119    2.00414
    4.64e-03    3.19e-05    3.31e-05    2.0004    2.00339
    2.78e-03    1.15e-05    1.19e-05    2.00014    2.0028
    1.67e-03    4.12e-06    4.28e-06    2.00016    2.00235
    1.00e-03    1.48e-06    1.54e-06    2.00003    2.002
  -----------------------------------------------------------
  Measured order of accuracy = 2.00154

  Results for TRBDF2-ESDIRK:
      h           errI        err2        rate    cum. rate
  -----------------------------------------------------------
    1.00e-01    6.82e-04    7.54e-04
    5.99e-02    1.50e-04    1.65e-04    2.96747    2.96747
    3.59e-02    3.27e-05    3.59e-05    2.975    2.97124
    2.15e-02    7.09e-06    7.76e-06    2.99046    2.97738
    1.29e-02    1.55e-06    1.69e-06    2.97831    2.97879
    7.74e-03    3.33e-07    3.63e-07    3.00473    2.9829
    4.64e-03    7.16e-08    7.81e-08    3.00028    2.98623
    2.78e-03    1.55e-08    1.69e-08    2.98756    2.98773
    1.67e-03    3.35e-09    3.65e-09    2.99875    2.98916
    1.00e-03    7.23e-10    7.87e-10    2.99837    2.9904
  -----------------------------------------------------------
  Measured order of accuracy = 2.9907

  Results for TRBDF2-ESDIRK:
      h           errI        err2        rate    cum. rate
  -----------------------------------------------------------
    1.00e-01    1.32e-02    1.37e-02
    5.99e-02    4.70e-03    4.87e-03    2.0166    2.0166
    3.59e-02    1.68e-03    1.75e-03    2.00408    2.01034
    2.15e-02    6.04e-04    6.27e-04    2.00227    2.00729
    1.29e-02    2.17e-04    2.25e-04    2.0024    2.0057
    7.74e-03    7.78e-05    8.09e-05    2.00147    2.00465
    4.64e-03    2.80e-05    2.91e-05    2.00042    2.00381
    2.78e-03    1.00e-05    1.04e-05    2.00028    2.00317
    1.67e-03    3.61e-06    3.75e-06    2.00019    2.00268
    1.00e-03    1.30e-06    1.35e-06    2.00006    2.00228
  -----------------------------------------------------------
  Measured order of accuracy = 2.00178

  Results for Kvaerno(4,2,3)-ESDIRK:
      h           errI        err2        rate    cum. rate
  -----------------------------------------------------------
    1.00e-01    1.52e-03    1.63e-03
    5.99e-02    3.21e-04    3.46e-04    3.03627    3.03627
    3.59e-02    6.86e-05    7.43e-05    3.01047    3.02337
    2.15e-02    1.48e-05    1.60e-05    2.99901    3.01477
    1.29e-02    3.18e-06    3.44e-06    3.00532    3.01116
    7.74e-03    6.78e-07    7.37e-07    3.01451    3.01061
    4.64e-03    1.47e-07    1.59e-07    2.99095    3.0083
    2.78e-03    3.13e-08    3.41e-08    3.01822    3.00817
    1.67e-03    6.74e-09    7.34e-09    3.00114    3.00764
    1.00e-03    1.47e-09    1.59e-09    2.98482    3.00612
  -----------------------------------------------------------
  Measured order of accuracy = 3.00553

  Results for Kvaerno(4,2,3)-ESDIRK:
      h           errI        err2        rate    cum. rate
  -----------------------------------------------------------
    1.00e-01    2.55e-02    2.65e-02
    5.99e-02    9.13e-03    9.48e-03    2.00919    2.00919
    3.59e-02    3.28e-03    3.41e-03    1.9993    2.00425
    2.15e-02    1.18e-03    1.23e-03    1.99927    2.00226
    1.29e-02    4.24e-04    4.41e-04    2.00047    2.0015
    7.74e-03    1.52e-04    1.58e-04    2.00038    2.00113
    4.64e-03    5.48e-05    5.69e-05    1.99974    2.00084
    2.78e-03    1.97e-05    2.04e-05    1.99985    2.00064
    1.67e-03    7.07e-06    7.35e-06    1.99995    2.0005
    1.00e-03    2.54e-06    2.64e-06    1.99991    2.0004
  -----------------------------------------------------------
  Measured order of accuracy = 1.99991

  Results for ARK3(2)4L[2]SA-ESDIRK:
      h           errI        err2        rate    cum. rate
  -----------------------------------------------------------
    1.00e-01    1.53e-03    1.64e-03
    5.99e-02    3.21e-04    3.46e-04    3.04762    3.04762
    3.59e-02    6.84e-05    7.39e-05    3.02001    3.03381
    2.15e-02    1.46e-05    1.58e-05    3.01338    3.0263
    1.29e-02    3.11e-06    3.38e-06    3.02024    3.02359
    7.74e-03    6.72e-07    7.30e-07    2.99542    3.01879
    4.64e-03    1.44e-07    1.57e-07    3.00391    3.01548
    2.78e-03    3.11e-08    3.38e-08    3.00353    3.01311
    1.67e-03    6.69e-09    7.27e-09    3.00104    3.01119
    1.00e-03    1.43e-09    1.56e-09    3.00683    3.00998
  -----------------------------------------------------------
  Measured order of accuracy = 3.00897

  Results for ARK3(2)4L[2]SA-ESDIRK:
      h           errI        err2        rate    cum. rate
  -----------------------------------------------------------
    1.00e-01    3.41e-03    3.41e-03
    5.99e-02    1.01e-03    1.01e-03    2.37047    2.37047
    3.59e-02    3.20e-04    3.24e-04    2.23967    2.30507
    2.15e-02    1.06e-04    1.08e-04    2.15369    2.25311
    1.29e-02    3.61e-05    3.70e-05    2.09779    2.21166
    7.74e-03    1.26e-05    1.29e-05    2.05865    2.17795
    4.64e-03    4.43e-06    4.57e-06    2.0357    2.15068
    2.78e-03    1.57e-06    1.63e-06    2.02161    2.12855
    1.67e-03    5.61e-07    5.81e-07    2.01301    2.11053
    1.00e-03    2.01e-07    2.08e-07    2.0078    2.09575
  -----------------------------------------------------------
  Measured order of accuracy = 2.09534

  Results for Cash(5,2,4)-SDIRK:
      h           errI        err2        rate    cum. rate
  -----------------------------------------------------------
    1.00e-01    1.62e-04    1.72e-04
    5.99e-02    2.07e-05    2.17e-05    4.03121    4.03121
    3.59e-02    2.60e-06    2.72e-06    4.05699    4.0441
    2.15e-02    3.94e-07    4.08e-07    3.69973    3.94208
    1.29e-02    5.80e-08    6.02e-08    3.74125    3.88151
    7.74e-03    4.08e-09    4.56e-09    5.11661    4.04064
    4.64e-03    1.48e-09    1.55e-09    2.04358    3.88351
    2.78e-03    2.04e-10    2.27e-10    3.81135    3.81202
    1.67e-03    2.00e-10    2.08e-10    0.107019    3.53166
    1.00e-03    2.12e-10    2.20e-10    -0.111969    3.19019
  -----------------------------------------------------------
  Measured order of accuracy = 3.76674

  Results for Cash(5,2,4)-SDIRK:
      h           errI        err2        rate    cum. rate
  -----------------------------------------------------------
    1.00e-01    3.96e-02    4.09e-02
    5.99e-02    1.42e-02    1.47e-02    2.00732    2.00732
    3.59e-02    5.09e-03    5.27e-03    1.99978    2.00355
    2.15e-02    1.83e-03    1.89e-03    1.99976    2.00204
    1.29e-02    6.57e-04    6.81e-04    2.00042    2.00141
    7.74e-03    2.36e-04    2.45e-04    2.00012    2.00105
    4.64e-03    8.48e-05    8.79e-05    1.99986    2.00079
    2.78e-03    3.05e-05    3.16e-05    1.99986    2.00061
    1.67e-03    1.10e-05    1.14e-05    1.99997    2.00048
    1.00e-03    3.94e-06    4.08e-06    1.99994    2.00038
  -----------------------------------------------------------
  Measured order of accuracy = 2.00001

  Results for Cash(5,3,4)-SDIRK:
      h           errI        err2        rate    cum. rate
  -----------------------------------------------------------
    1.00e-01    1.62e-04    1.72e-04
    5.99e-02    2.07e-05    2.17e-05    4.03121    4.03121
    3.59e-02    2.60e-06    2.72e-06    4.05699    4.0441
    2.15e-02    3.94e-07    4.08e-07    3.69973    3.94208
    1.29e-02    5.80e-08    6.02e-08    3.74125    3.88151
    7.74e-03    4.08e-09    4.56e-09    5.11661    4.04064
    4.64e-03    1.48e-09    1.55e-09    2.04358    3.88351
    2.78e-03    2.04e-10    2.27e-10    3.81135    3.81202
    1.67e-03    2.00e-10    2.08e-10    0.107019    3.53166
    1.00e-03    2.12e-10    2.20e-10    -0.111969    3.19019
  -----------------------------------------------------------
  Measured order of accuracy = 3.76674

  Results for Cash(5,3,4)-SDIRK:
      h           errI        err2        rate    cum. rate
  -----------------------------------------------------------
    1.00e-01    2.68e-03    2.89e-03
    5.99e-02    5.67e-04    6.16e-04    3.02824    3.02824
    3.59e-02    1.21e-04    1.32e-04    3.0208    3.02452
    2.15e-02    2.57e-05    2.81e-05    3.01958    3.02266
    1.29e-02    5.49e-06    6.03e-06    3.01267    3.02029
    7.74e-03    1.18e-06    1.30e-06    3.00193    3.01699
    4.64e-03    2.53e-07    2.78e-07    3.00886    3.01494
    2.78e-03    5.46e-08    6.00e-08    2.99866    3.01273
    1.67e-03    1.18e-08    1.29e-08    3.00213    3.01099
    1.00e-03    2.53e-09    2.78e-09    3.0034    3.0097
  -----------------------------------------------------------
  Measured order of accuracy = 3.01029

  Results for SDIRK-5-4:
      h           errI        err2        rate    cum. rate
  -----------------------------------------------------------
    1.00e-01    1.63e-06    2.34e-06
    5.99e-02    2.24e-07    3.06e-07    3.92768    3.92768
    3.59e-02    6.77e-08    7.78e-08    2.51108    3.21938
    2.15e-02    6.52e-08    7.56e-08    0.0648852    2.2022
    1.29e-02    9.29e-09    1.15e-08    3.74215    2.30676
    7.74e-03    9.64e-10    1.21e-09    4.419    2.63838
    4.64e-03    1.08e-09    1.29e-09    -0.18336    2.45449
    2.78e-03    2.27e-12    2.68e-12    12.0623    3.17852
    1.67e-03    3.48e-12    3.61e-12    -0.704265    3.25754
    1.00e-03    2.91e-12    3.54e-12    0.193233    3.13063
  -----------------------------------------------------------
  Measured order of accuracy = 3.2891

  Results for SDIRK-5-4:
      h           errI        err2        rate    cum. rate
  -----------------------------------------------------------
    1.00e-01    4.82e-04    5.31e-04
    5.99e-02    1.05e-04    1.15e-04    2.98393    2.98393
    3.59e-02    2.29e-05    2.50e-05    2.97971    2.98182
    2.15e-02    4.84e-06    5.32e-06    3.03034    2.99617
    1.29e-02    1.06e-06    1.16e-06    2.97405    2.99461
    7.74e-03    2.31e-07    2.52e-07    2.97865    2.99189
    4.64e-03    4.80e-08    5.29e-08    3.06221    2.99845
    2.78e-03    1.07e-08    1.17e-08    2.94291    2.99655
    1.67e-03    2.30e-09    2.51e-09    3.00169    2.99601
    1.00e-03    4.94e-10    5.41e-10    3.0053    2.99624
  -----------------------------------------------------------
  Measured order of accuracy = 2.9981

  Results for Kvaerno(5,3,4)-ESDIRK:
      h           errI        err2        rate    cum. rate
  -----------------------------------------------------------
    1.00e-01    1.81e-05    2.07e-05
    5.99e-02    2.20e-06    2.45e-06    4.14433    4.14433
    3.59e-02    2.35e-07    2.69e-07    4.34553    4.24493
    2.15e-02    3.75e-08    4.04e-08    3.6437    4.07462
    1.29e-02    8.81e-09    9.38e-09    2.84341    3.79432
    7.74e-03    6.25e-10    6.71e-10    5.16436    3.90995
    4.64e-03    1.79e-10    1.93e-10    2.44096    3.79386
    2.78e-03    6.97e-12    7.01e-12    6.40944    3.96345
    1.67e-03    1.71e-12    1.78e-12    2.71368    3.95927
    1.00e-03    6.23e-13    7.26e-13    1.8612    3.84271
  -----------------------------------------------------------
  Measured order of accuracy = 3.95481

  Results for Kvaerno(5,3,4)-ESDIRK:
      h           errI        err2        rate    cum. rate
  -----------------------------------------------------------
    1.00e-01    1.53e-03    1.64e-03
    5.99e-02    3.21e-04    3.46e-04    3.04962    3.04962
    3.59e-02    6.82e-05    7.37e-05    3.02282    3.03622
    2.15e-02    1.45e-05    1.57e-05    3.02126    3.03039
    1.29e-02    3.10e-06    3.37e-06    3.01414    3.02598
    7.74e-03    6.69e-07    7.27e-07    2.99638    3.02049
    4.64e-03    1.43e-07    1.56e-07    3.01201    3.01762
    2.78e-03    3.10e-08    3.37e-08    2.99338    3.0144
    1.67e-03    6.67e-09    7.25e-09    3.00079    3.01199
    1.00e-03    1.43e-09    1.56e-09    3.00788    3.01054
  -----------------------------------------------------------
  Measured order of accuracy = 3.00993

  Results for ARK4(3)6L[2]SA-ESDIRK:
      h           errI        err2        rate    cum. rate
  -----------------------------------------------------------
    1.00e-01    1.11e-05    1.15e-05
    5.99e-02    1.54e-06    1.60e-06    3.85998    3.85998
    3.59e-02    2.44e-07    2.57e-07    3.58659    3.72328
    2.15e-02    3.70e-08    3.94e-08    3.67881    3.69627
    1.29e-02    4.53e-09    6.45e-09    3.81893    3.7154
    7.74e-03    1.27e-09    1.43e-09    2.71321    3.5777
    4.64e-03    1.65e-10    1.85e-10    3.99223    3.57293
    2.78e-03    1.68e-11    1.83e-11    4.48927    3.64731
    1.67e-03    3.77e-12    3.91e-12    2.97199    3.63699
    1.00e-03    2.32e-12    2.84e-12    0.790436    3.47648
  -----------------------------------------------------------
  Measured order of accuracy = 3.63484

  Results for ARK4(3)6L[2]SA-ESDIRK:
      h           errI        err2        rate    cum. rate
  -----------------------------------------------------------
    1.00e-01    2.24e-05    2.25e-05
    5.99e-02    4.03e-06    4.10e-06    3.33974    3.33974
    3.59e-02    7.89e-07    8.12e-07    3.17602    3.25788
    2.15e-02    1.54e-07    1.60e-07    3.1851    3.22786
    1.29e-02    2.03e-08    2.43e-08    3.82033    3.34035
    7.74e-03    6.82e-09    7.17e-09    2.25856    3.21795
    4.64e-03    1.34e-09    1.43e-09    3.16739    3.16882
    2.78e-03    2.77e-10    2.97e-10    3.07387    3.14043
    1.67e-03    5.99e-11    6.42e-11    2.99312    3.11737
    1.00e-03    9.46e-12    1.12e-11    3.51112    3.1271
  -----------------------------------------------------------
  Measured order of accuracy = 3.10662

  Results for Kvaerno(7,4,5)-ESDIRK:
      h           errI        err2        rate    cum. rate
  -----------------------------------------------------------
    1.00e-01    3.25e-06    3.38e-06
    5.99e-02    4.17e-07    4.56e-07    3.96321    3.96321
    3.59e-02    7.74e-08    8.89e-08    3.24482    3.60402
    2.15e-02    1.24e-08    1.53e-08    3.50429    3.53818
    1.29e-02    2.47e-09    2.97e-09    3.18432    3.45424
    7.74e-03    6.75e-10    8.06e-10    2.54142    3.29986
    4.64e-03    2.21e-10    2.65e-10    2.17936    3.12467
    2.78e-03    1.99e-11    2.34e-11    4.72153    3.18474
    1.67e-03    8.65e-12    9.62e-12    1.68238    3.11262
    1.00e-03    4.39e-13    4.84e-13    5.83328    3.2243
  -----------------------------------------------------------
  Measured order of accuracy = 3.09542

  Results for Kvaerno(7,4,5)-ESDIRK:
      h           errI        err2        rate    cum. rate
  -----------------------------------------------------------
    1.00e-01    1.47e-06    1.79e-06
    5.99e-02    2.07e-07    2.81e-07    3.73236    3.73236
    3.59e-02    5.29e-08    6.93e-08    2.69679    3.21458
    2.15e-02    1.40e-08    1.61e-08    2.7276    3.0167
    1.29e-02    2.75e-09    3.17e-09    3.17401    3.00859
    7.74e-03    6.46e-10    7.90e-10    2.77635    2.9731
    4.64e-03    2.08e-10    2.47e-10    2.23979    2.88185
    2.78e-03    1.69e-11    2.01e-11    4.90832    3.0127
    1.67e-03    7.31e-12    8.06e-12    1.71042    2.98695
    1.00e-03    4.13e-13    4.55e-13    5.6179    3.11735
  -----------------------------------------------------------
  Measured order of accuracy = 2.97695

  Results for ARK5(4)8L[2]SA-ESDIRK:
      h           errI        err2        rate    cum. rate
  -----------------------------------------------------------
    1.00e-01    1.83e-06    2.35e-06
    5.99e-02    6.11e-07    7.46e-07    2.19628    2.19628
    3.59e-02    9.88e-08    1.19e-07    3.5727    2.88449
    2.15e-02    3.20e-08    3.83e-08    2.21333    2.75196
    1.29e-02    2.96e-09    3.56e-09    4.64709    3.10448
    7.74e-03    8.86e-10    1.06e-09    2.35862    3.09865
    4.64e-03    3.19e-10    3.82e-10    1.99801    2.97864
    2.78e-03    7.26e-12    9.19e-12    7.33845    3.29196
    1.67e-03    3.14e-12    3.26e-12    1.83188    3.34083
    1.00e-03    7.73e-13    9.83e-13    2.54123    3.3221
  -----------------------------------------------------------
  Measured order of accuracy = 3.4223

  Results for ARK5(4)8L[2]SA-ESDIRK:
      h           errI        err2        rate    cum. rate
  -----------------------------------------------------------
    1.00e-01    1.81e-06    2.35e-06
    5.99e-02    6.19e-07    7.58e-07    2.15136    2.15136
    3.59e-02    9.95e-08    1.20e-07    3.58702    2.86919
    2.15e-02    3.33e-08    3.98e-08    2.14822    2.72468
    1.29e-02    3.10e-09    3.73e-09    4.63375    3.0776
    7.74e-03    8.94e-10    1.07e-09    2.43302    3.08635
    4.64e-03    3.30e-10    3.95e-10    1.95149    2.96788
    2.78e-03    7.50e-12    9.50e-12    7.33948    3.28282
    1.67e-03    3.16e-12    3.27e-12    1.88633    3.33669
    1.00e-03    8.61e-13    1.09e-12    2.34673    3.31012
  -----------------------------------------------------------
  Measured order of accuracy = 3.41709
