  0.0000000000000000e+00
  1.0000000000000000e-02
  2.0000000000000000e-02
  2.9999999999999999e-02
  4.0000000000000001e-02
  5.0000000000000003e-02
  5.9999999999999998e-02
  7.0000000000000007e-02
  8.0000000000000002e-02
  8.9999999999999997e-02
  1.0000000000000001e-01
  1.1000000000000000e-01
  1.2000000000000000e-01
  1.3000000000000000e-01
  1.4000000000000001e-01
  1.4999999999999999e-01
  1.6000000000000000e-01
  1.7000000000000001e-01
  1.7999999999999999e-01
  1.9000000000000000e-01
  2.0000000000000001e-01
  2.0999999999999999e-01
  2.2000000000000000e-01
  2.3000000000000001e-01
  2.3999999999999999e-01
  2.5000000000000000e-01
  2.6000000000000001e-01
  2.7000000000000002e-01
  2.8000000000000003e-01
  2.8999999999999998e-01
  2.9999999999999999e-01
  3.1000000000000000e-01
  3.2000000000000001e-01
  3.3000000000000002e-01
  3.4000000000000002e-01
  3.5000000000000003e-01
  3.5999999999999999e-01
  3.7000000000000000e-01
  3.8000000000000000e-01
  3.9000000000000001e-01
  4.0000000000000002e-01
  4.1000000000000003e-01
  4.1999999999999998e-01
  4.2999999999999999e-01
  4.4000000000000000e-01
  4.5000000000000001e-01
  4.6000000000000002e-01
  4.7000000000000003e-01
  4.7999999999999998e-01
  4.8999999999999999e-01
  5.0000000000000000e-01
  5.1000000000000001e-01
  5.2000000000000002e-01
  5.3000000000000003e-01
  5.4000000000000004e-01
  5.5000000000000004e-01
  5.6000000000000005e-01
  5.7000000000000006e-01
  5.7999999999999996e-01
  5.8999999999999997e-01
  5.9999999999999998e-01
  6.0999999999999999e-01
  6.2000000000000000e-01
  6.3000000000000000e-01
  6.4000000000000001e-01
  6.5000000000000002e-01
  6.6000000000000003e-01
  6.7000000000000004e-01
  6.8000000000000005e-01
  6.9000000000000006e-01
  7.0000000000000007e-01
  7.0999999999999996e-01
  7.1999999999999997e-01
  7.2999999999999998e-01
  7.3999999999999999e-01
  7.5000000000000000e-01
  7.6000000000000001e-01
  7.7000000000000002e-01
  7.8000000000000003e-01
  7.9000000000000004e-01
  8.0000000000000004e-01
  8.1000000000000005e-01
  8.2000000000000006e-01
  8.3000000000000007e-01
  8.3999999999999997e-01
  8.4999999999999998e-01
  8.5999999999999999e-01
  8.7000000000000000e-01
  8.8000000000000000e-01
  8.9000000000000001e-01
  9.0000000000000002e-01
  9.1000000000000003e-01
  9.2000000000000004e-01
  9.3000000000000005e-01
  9.4000000000000006e-01
  9.5000000000000007e-01
  9.5999999999999996e-01
  9.6999999999999997e-01
  9.7999999999999998e-01
  9.8999999999999999e-01
  1.0000000000000000e+00
  1.0100000000000000e+00
  1.0200000000000000e+00
  1.0300000000000000e+00
  1.0400000000000000e+00
  1.0500000000000000e+00
  1.0600000000000001e+00
  1.0700000000000001e+00
  1.0800000000000001e+00
  1.0900000000000001e+00
  1.1000000000000001e+00
  1.1100000000000001e+00
  1.1200000000000001e+00
  1.1300000000000001e+00
  1.1400000000000001e+00
  1.1500000000000001e+00
  1.1599999999999999e+00
  1.1699999999999999e+00
  1.1799999999999999e+00
  1.1899999999999999e+00
  1.2000000000000000e+00
  1.2100000000000000e+00
  1.2200000000000000e+00
  1.2300000000000000e+00
  1.2400000000000000e+00
  1.2500000000000000e+00
  1.2600000000000000e+00
  1.2700000000000000e+00
  1.2800000000000000e+00
  1.2900000000000000e+00
  1.3000000000000000e+00
  1.3100000000000001e+00
  1.3200000000000001e+00
  1.3300000000000001e+00
  1.3400000000000001e+00
  1.3500000000000001e+00
  1.3600000000000001e+00
  1.3700000000000001e+00
  1.3800000000000001e+00
  1.3900000000000001e+00
  1.4000000000000001e+00
  1.4099999999999999e+00
  1.4199999999999999e+00
  1.4299999999999999e+00
  1.4399999999999999e+00
  1.4500000000000000e+00
  1.4600000000000000e+00
  1.4700000000000000e+00
  1.4800000000000000e+00
  1.4900000000000000e+00
  1.5000000000000000e+00
  1.5100000000000000e+00
  1.5200000000000000e+00
  1.5300000000000000e+00
  1.5400000000000000e+00
  1.5500000000000000e+00
  1.5600000000000001e+00
  1.5700000000000001e+00
  1.5800000000000001e+00
  1.5900000000000001e+00
  1.6000000000000001e+00
  1.6100000000000001e+00
  1.6200000000000001e+00
  1.6300000000000001e+00
  1.6400000000000001e+00
  1.6500000000000001e+00
  1.6600000000000001e+00
  1.6699999999999999e+00
  1.6799999999999999e+00
  1.6899999999999999e+00
  1.7000000000000000e+00
  1.7100000000000000e+00
  1.7200000000000000e+00
  1.7300000000000000e+00
  1.7400000000000000e+00
  1.7500000000000000e+00
  1.7600000000000000e+00
  1.7700000000000000e+00
  1.7800000000000000e+00
  1.7900000000000000e+00
  1.8000000000000000e+00
  1.8100000000000001e+00
  1.8200000000000001e+00
  1.8300000000000001e+00
  1.8400000000000001e+00
  1.8500000000000001e+00
  1.8600000000000001e+00
  1.8700000000000001e+00
  1.8800000000000001e+00
  1.8900000000000001e+00
  1.9000000000000001e+00
  1.9100000000000001e+00
  1.9199999999999999e+00
  1.9299999999999999e+00
  1.9399999999999999e+00
  1.9500000000000000e+00
  1.9600000000000000e+00
  1.9700000000000000e+00
  1.9800000000000000e+00
  1.9900000000000000e+00
  2.0000000000000000e+00
