  1.2500000000000001e-02
  3.7500000000000006e-02
  6.2500000000000000e-02
  8.7500000000000008e-02
  1.1250000000000000e-01
  1.3750000000000001e-01
  1.6250000000000001e-01
  1.8750000000000000e-01
  2.1250000000000002e-01
  2.3750000000000002e-01
  2.6250000000000001e-01
  2.8750000000000003e-01
  3.1250000000000000e-01
  3.3750000000000002e-01
  3.6250000000000004e-01
  3.8750000000000001e-01
  4.1250000000000003e-01
  4.3750000000000000e-01
  4.6250000000000002e-01
  4.8750000000000004e-01
  5.1250000000000007e-01
  5.3749999999999998e-01
  5.6250000000000000e-01
  5.8750000000000002e-01
  6.1250000000000004e-01
  6.3750000000000007e-01
  6.6250000000000009e-01
  6.8750000000000000e-01
  7.1250000000000002e-01
  7.3750000000000004e-01
  7.6250000000000007e-01
  7.8750000000000009e-01
  8.1250000000000000e-01
  8.3750000000000002e-01
  8.6250000000000004e-01
  8.8750000000000007e-01
  9.1250000000000009e-01
  9.3750000000000000e-01
  9.6250000000000002e-01
  9.8750000000000004e-01
